20970951
20941011
20915032
20915033
20903706
20903707
20903708
20903709
20903710
20903711
20957614
20957615
20974896
20974897
20977972
21001204
21059317
21001205
21034554
20930172
20930173
20902539
20902540
20902541
20902542
20937710
20937711
20938555
20946686
21061382
21030676
20966687
20902574
20902575
20902576
20902577
20902578
20902579
20975290
20924474
20924475
20975291
20959940
20959941
20941399
20941400
20941290
21007595
21014517
21017469
21009985
21009986
20902628
20902629
20902630
20902631
20959340
20959341
20902684
20961866
20902685
20971533
20974384
20974385
21010997
21005430
21010998
20902680
20902681
20902682
20902683
20949372
20949373
20902721
20902722
20902723
21025803
20949722
20949723
20976007
20955655
20992783
20991248
20961690
20961691
20934557
20934558
20999093
20902743
20902744
20902745
20902747
20902748
20977245
20902749
20977244
21077498
20919676
20919677
20982648
20938554
